10027919
10074612
10091616
10193809
10225068
10328196
10354657
10411803
10414674
10523326
10524660
10533019
10539815
10565806
10692744
10728962
10743694
1079693
10840460
10910842
11009181
11022397
11027904
11058428
11063349
11077455
11078231
11079278
11099450
11185967
11195262
11208990
11226639
11230490
11243580
11245434
11271907
11282081
11284996
11302406
11337188
1141447
11467664
11524350
11573852
11583940
11694026
11704023
11705128
11752998
11827497
11838826
11847945
11858397
11860278
11860495
11861791
11868798
11890511
11900788
11912119
11999899
12013711
12042105
12091028
12093990
12101159
12109865
12139551
12180796
12231232
12448656
12452237
12481039
12549952
1255900
12571256
12600698
12691807
12734532
12739036
12745515
12760988
12842176
12851669
12852481
1286498
12907924
12911170
1300436
133615
1355091
1415380
1423339
1445986
14633084
14648024
14704468
14736955
14742097
14745746
14975762
14982270
15042318
1504402
15075188
15096016
15266215
15266362
15276120
1535072
1545575
15517007
15531665
15565293
15579441
15580403
15638391
1564236
15673851
15686794
15764424
15811908
15814210
15858223
15867025
15893386
15897593
15930398
1595783
15974569
15985056
16006300
16047871
1610717
16116131
16132524
16157917
16174948
16192988
16225977
1628552
1636026
16364460
16418614
16428827
16471092
16563323
16574713
16584858
16586083
16596970
16600756
16629641
16634859
16710500
16720068
16725121
16820346
16826348
16844102
1687392
16960342
1700207
17019386
17042884
17049862
17074608
1711760
17194457
17241657
17263743
17285209
1728915
1732442
17344330
17366349
17490790
17490864
17511042
17574447
17682013
17702969
17786501
17923537
17943461
17965424
17975693
18006530
18086064
18161408
18177388
18201582
18239197
18356633
18363626
18405372
18441470
18483878
1848636
18513945
18541230
18589141
18627295
18657397
18674790
18808529
188339
1899352
18997632
19058474
19105845
19135948
19139001
19203554
19234905
19274460
1928887
19289093
19300240
19319147
19370593
19642243
19674115
19692487
1969772
19707748
19719056
19721134
19761039
19893084
19917396
19923525
19940105
19944333
19944736
19996135
2004
2004015
20042557
20103708
20164825
20195852
2021202
20304337
20331935
20394767
20466178
20510337
2051906
20533999
20552622
2055425
20558148
20635749
20683499
20705401
20727411
20735774
20973483
21294084
21418164
2220369
2257294
2320800
2322844
2334179
2339463
2343592
2422478
2435991
2466960
2528969
2533791
2557556
2564649
2569282
2576810
2594614
2598570
2709684
2716967
2722224
2750819
2790457
2819587
2826064
2840807
2886572
2893236
2894433
28952
2907585
2917114
2980315
3001299
3015327
3057041
3084782
3088349
3108839
3115150
3120485
3123611
3131282
3137399
3183120
3220106
326460
3300918
3311455
33969
3411101
3413271
3431591
343678
3461217
3535719
3653576
3670965
3686155
3703509
3708922
3732088
3762968
3769769
3780697
3780814
384871
3934126
3950060
3952818
3961813
3962737
3969369
3973521
4038130
4069770
4090988
430165
458486
48362
591536
6111982
6115999
6118280
6127992
6150641
6153967
6203632
6216862
625456
6292680
6293644
6308526
6323692
6381653
6402369
6415512
6433367
6436733
6454943
6496797
6504332
6540303
6615052
663266
6637851
6674249
6695415
6699841
6728084
6732043
6769133
6794356
6817363
6892185
6942642
7007443
7053705
7059267
7066357
7072798
7102237
7161250
7189975
7197363
7263204
7282516
7337133
7416947
7421734
7437994
7542793
7565311
7596955
7604176
761833
7619765
7647582
7650771
7651879
7707116
7710775
7724492
7752389
7785794
7791169
7803371
783197
7843916
7880714
7905523
7910951
8012887
803783
804391
8045270
8106150
8111719
8251368
8267029
8268147
8278214
8305357
8384253
839274
8410199
8424298
8441146
8473723
8475949
8480959
8492347
8494478
8514073
8546130
85485
8586822
8599504
8600333
8607407
8617710
8638876
8643966
8643973
8665051
8677458
8686832
871943
873132
8742498
8766220
8800187
8841157
8854309
8888541
8911359
8958188
8988571
9022662
9041081
9061311
9067481
9098464
9105126
9121607
9154656
9165568
9201797
9205462
9209318
921394
9214597
9226773
9228650
9270571
9305828
9321531
9326871
9431903
950631
9514561
9523850
9545159
9549528
9564988
9579567
9630698
9636837
9669632
9672273
9758264
9799166
982002
9848575
9867728
9875685
9915601
9952311
8589722
8589723
8595416
8605116
8621452
8622978
8625410
8636252
8637912
8640236
8644702
8644703
8649785
8651278
8659522
8659549
8661102
8666397
8670333
8673131
8673132
8674108
8675707
8678979
8682510
8689689
8692963
8696339
8700509
8723064
8733131
8751855
8755645
8755918
8758207
8776595
8782829
8786135
8789439
8790412
8808605
8808606
8812423
8824873
8825052
8825599
8828602
8833159
8841191
8843193
8843194
8845838
8871666
8892662
8894695
8898652
8917548
8929264
8929413
8931695
8931701
8931709
8938427
8944023
8944024
8954016
8956035
8968716
8968760
9012404
9012409
9019400
9020847
9028321
9050866
9050868
9056547
9063749
9066888
9069115
9072974
9083764
9090524
9122265
9138149
9144439
9144525
9145677
9174057
9182899
9195227
9218625
9222760
9223307
9223312
9241281
9241282
9245987
9271438
9272171
