10091617
1009330
10193204
10342929
10365197
10406016
10520387
10526274
10579464
10669626
10683478
10704919
10706004
10737864
10739826
10743446
10791295
10807237
10835440
1085609
10901305
11007689
11027905
11135224
11166519
11198499
11206082
11250767
11256525
11263551
11279304
1130930
11334364
11379838
11391224
11419773
11426838
11431197
1147734
11532387
11569530
11581460
11642480
11672959
11679859
11706060
11745184
11752354
11773892
11807648
11875660
11928786
11961407
12041669
12063090
12084448
12090760
12198388
12202650
12369736
12443032
12464714
12483326
12523465
12536034
12574103
12589964
12596116
12615818
12617329
12627929
12639165
12653683
12684739
12695819
12707296
12716030
12757899
12789195
12820454
12907309
12921865
137340
1378968
1420741
1428568
1436384
14568327
14596845
14657095
14659530
1468485
14698717
14765563
14976857
15009014
15036754
150790
15120741
15130900
15145918
15233872
1527456
15275829
15278670
15325671
15338796
15458908
1549199
15515654
15572383
15632880
15649445
15737522
15804801
15859940
15863244
15899738
1592014
15957009
16005948
1601297
16160878
1616457
16167916
16181582
16274958
16330293
16337777
1639466
16403073
16428221
16574712
1664218
16680561
16740173
16755009
16787750
16858720
16867021
16904497
16938416
17020434
17042910
17111419
17147461
17241784
17244258
17261653
1728522
1732369
17343925
17344566
17400887
17437408
17439425
17491223
1749407
17532790
17562951
17600377
17608141
17612891
17639754
17854040
1786266
17879945
17919553
17931375
18004067
18020536
18081909
18083142
18162529
18182964
18208574
18217897
18221780
18261172
18308784
18329269
1833784
18343374
1835291
18410508
18417364
18442015
18464113
18503483
18544179
18560792
18631865
1867351
18703024
18726058
18752389
18754075
18768591
18791946
18821488
18951540
18996674
19037603
19058010
1919871
19211690
19269743
19299179
19300402
19308880
19346865
19356053
19356307
19387625
19445921
19473225
19581773
19631624
1967484
19729346
19759529
19767176
19820426
19843802
1987816
19884587
19889778
1992636
19957053
20003049
20067456
20080419
20080983
20084309
2008831
20098969
20196116
2024540
20470218
20477932
20520283
20528871
2054792
20588063
20619828
20621845
20633755
20667451
20698227
2070391
2071257
20722491
20880751
20882060
2096243
220563
2234245
2265898
2266990
2273650
227508
230316
2304736
2312209
2334618
234669
2355241
2375138
2396046
2425813
2440413
2445283
2476560
2484011
2505783
2515254
2522601
2549018
2559236
2572625
2578334
2611118
2632720
2670794
2673163
2696505
2802551
2870085
2924746
2950248
2951327
3015567
3031535
3070035
3076126
3101906
3125768
3173179
3187073
3192036
322550
3341566
3358181
3371379
3409645
3412544
3425586
3437726
347884
3496378
3503576
3560095
3560096
3564823
3629586
3676049
3693336
3714122
3719553
3750012
3780846
3782049
3800626
3828020
3856631
3865016
3970039
3985451
3997294
4008111
4071154
424937
435349
4812392
567256
603022
6103707
6133211
6203452
6209318
6229975
6286738
6308277
6386793
6387529
6466532
6503301
6518066
6534871
6538499
6634932
6640832
6666578
6692345
6727060
6747681
6773726
6861444
6888657
7053303
7083920
7088431
7199841
7234705
7248170
7265370
7269015
7292072
7423039
7444978
7449470
7453952
7504976
7516729
7582165
7628595
7802851
7834920
7858459
7862923
7881871
7890216
7919560
7930386
7977601
7988234
8073369
8092427
809711
8170551
8231633
8302922
8319760
8372922
8386779
8387218
8410052
84204
8421099
8423889
8437969
8558192
8590259
8595686
8638206
8669433
8682684
8690168
869641
8701950
8739323
8741744
8752018
8829025
88336
8864707
891050
8919272
8953972
8955532
8996652
9034419
9100294
9195768
9199746
9245658
9284778
9293063
9334596
9351491
9390208
9401499
9406968
9495837
9522143
9522152
9523805
9587734
9625142
9653867
9672936
9721172
9727773
9746003
9754849
9766615
9812111
983936
9862868
9931093
10021369
10051005
10051007
100562
10064668
10071185
10071193
10072428
10077614
10077651
10078732
10078749
10083733
10083734
10085150
10090880
10090885
10090890
10094552
10094559
10190331
10190819
10192393
10192399
10194428
10196379
10196381
10198641
10200300
10205262
10208645
10208848
10210128
10213492
10220405
102474
10323252
10323740
10330348
10330430
10353787
10364518
10364520
10364521
10364525
10366443
10369860
10369870
10369876
10377440
10381492
10382909
10382910
10398279
10398436
10403837
10404839
10406661
10408771
10408776
10411929
10417279
10417280
10417286
10425038
10426139
10426999
10429004
10430841
10430930
10434119
10441329
10441343
10441571
10441573
10446987
10447258
10447259
10449429
10449794
10465113
10466420
10470088
10470286
10471457
10472529
10480214
10480348
10484765
10484772
10484981
10487695
10487710
10500204
10502833
10519880
10521293
10528243
10528853
10528860
10533031
10533068
10541953
10543403
10545613
10554035
10556283
10556285
10556298
10557309
10557317
1056013
10571943
10571950
10577908
10581027
10589394
10590055
10593994
10594001
10598803
10598815
10602116
10607954
10612394
10615125
10618304
10631148
10633128
10636421
10639175
10662807
10677309
10698963
10699184
10706858
10709732
10712201
10712209
10712225
10716718
10721669
10724160
10724175
10732811
10732816
10735274
10736265
10737119
10737980
10737981
10742101
10746568
10747931
10766245
10767313
10767326
10767339
10767343
10767347
10777718
107868
10788334
10790204
10797418
10798358
10802660
10802667
10802668
10802669
10807385
10807793
10814710
10817650
10818206
10827108
10827109
10830910
10830915
10839544
10842298
10861282
10861298
10874302
10875918
10878391
10888879
10891444
10911990
10915770
10915776
10923035
10924409
10930361
10930571
10932179
10943845
10947987
10958786
10976074
10982189
10987655
1127526
1146783
116187
1201235
1222588
122435
1248000
126380
1269174
1279971
1282899
1301146
1301161
1301187
1301189
1301190
1301200
1301201
1301937
1301938
1302003
1302008
1302022
1302032
1303170
1303171
1303173
1303277
1307230
1307245
1307253
1311721
1313112
1315306
1316718
1317264
1319059
1319838
1322637
1323345
1324223
1325652
1327525
1334370
133535
1338764
1338904
1338906
1345170
1346773
1346924
1347968
1349199
1351034
1352883
1353340
1357962
1358807
1361100
1361318
1376553
1380672
1384323
1384324
1409710
1424237
144081
1468459
1483696
1505217
1505982
1517503
1562739
1577476
1577763
1610789
161677
1655284
1671851
1671881
1673289
1676565
1678319
1679035
1682919
1684088
1684569
1707231
1709636
1717985
1731805
1733838
1769645
1776638
1831007
1833974
1897530
1937471
1939657
1968617
1973404
1975560
1978564
1981994
1999339
1999552
2006152
2008213
2016095
2037285
2055114
2071157
2161209
2180286
218453
2209091
2215607
2220826
2241452
2253937
2253938
2303408
2309142
2309698
2310692
2316519
23402
2352258
2355960
2390095
2393028
2404853
2450401
2491010
2544995
2562820
2563633
2568588
2569949
2571579
2575071
2575483
2591962
2601691
2651669
2703233
2729274
2760209
2773936
2786201
2792129
2817003
2828430
2835825
2852474
2862466
2884570
2886237
2894613
2895982
2910902
2912069
2912886
2927388
2963536
2989709
2995231
3012567
3014348
3029599
3032521
313733
3162536
3169738
318684
3198117
3258663
3343337
3346017
3346018
3347839
3348216
3354603
3362213
3377761
3393536
3417303
3422216
3455778
3464560
3480530
3524231
3563511
3565372
3572301
3578281
3591825
3600793
3600794
3615198
3659917
3674116
3678494
3718019
3789016
3856322
3862128
3876122
4019732
409732
492335
492812
495634
511159
523196
6086495
6087154
6101415
6103091
624546
6337374
6387532
6453040
6524872
6540752
6585184
6604602
6618488
6650504
6783144
6859721
6902670
7055648
7076260
7106752
7166314
7191069
7202134
7298854
7315872
7316485
7390473
7422429
7437512
7444053
7450778
7458742
7479827
7481765
7490097
7493024
7523157
7535801
7543316
7545954
7550229
7550230
7550349
7568002
7573040
7574457
7579347
7581380
7586656
7599636
7605382
7607677
7611277
7617034
7630639
7652577
7663517
7668252
7696601
7717396
7726234
7759075
7759076
7759106
7761412
7762560
7767095
7769092
777027
7790377
7795591
7795596
7795652
7795653
7802009
7811247
7814011
7815415
7825578
7825586
7833921
7857677
7858169
7874117
7874163
7894491
7894493
7909252
7937795
7939630
7951315
7951316
7951327
7959759
7959767
7962532
7964884
7981671
7991123
8002973
8004674
8012387
8023850
8071955
8071957
8075631
8084618
8088831
8098180
8098245
8101038
8104633
8111379
8113388
8116611
8128954
8162051
8162071
8178825
8187068
8188241
8195156
8198124
8198128
8209890
8240110
8244393
8252631
8258524
8259519
8266996
8279472
8281142
8281152
8282802
8301658
8302543
8304342
8307570
8314592
8317477
8326491
8346255
8364574
8370681
8375105
8401501
8408659
8434621
8440142
8441467
8460149
8466512
8471773
8477262
8499920
8500791
8522307
8528198
8528199
8528200
8530105
8531967
8533757
8533762
8533768
8551426
8554067
8563759
8566952
8566965
8571951
8571953
8575748
8589715
8589721

